Relax: 75.72617767651876 min : runs 10
Dock: 23.56972026427587 min : runs 100
Refine: 2.3877854148546853 min : runs 10
Total: 101.68368335564932 min
