Refine: 3.927104131380717 min : runs 10
Total: 3.927104131380717 min
